x = [1 10 20 30 40 50 60 70 80 ];
name = {'/export/data/fredrikm/inf236/graphs/road_usa' };
n = [23947347 ];
nz = [28854312 ];
TimeSequentialIS = [0.369988 ];
TimeSequentialGC = [0.585348 ];
TimeParallelIS = [0.633426 0.172350 0.157321 0.178543 0.180401 0.190638 0.193595 0.192301 0.198496 ];
